24 0.597656 0.779785 0.09375 0.0654297
31 0.597656 0.77832 0.09375 0.0664062
33 0.612793 0.825195 0.0888672 0.0605469
21 0.625 0.866699 0.0859375 0.0595703
22 0.401367 0.122559 0.130859 0.131836
24 0.63916 0.908203 0.0830078 0.0605469
25 0.508789 0.481934 0.107422 0.0751953
15 0.566406 0.676758 0.0996094 0.0683594
29 0.432617 0.224121 0.126953 0.118164
26 0.528809 0.552734 0.104492 0.0683594
5 0.461914 0.318848 0.119141 0.0966797
31 0.486816 0.403809 0.112305 0.0810547
16 0.632812 0.635254 0.0957031 0.0986328
16 0.583008 0.730469 0.0976562 0.0683594
32 0.545898 0.616211 0.0996094 0.0703125
